Percentage served,Time in ms
0,0.146
1,0.273
2,0.349
3,0.418
4,0.486
5,0.546
6,0.599
7,0.647
8,0.687
9,0.723
10,0.755
11,0.784
12,0.811
13,0.836
14,0.861
15,0.883
16,0.905
17,0.926
18,0.948
19,0.967
20,0.986
21,1.005
22,1.024
23,1.043
24,1.061
25,1.078
26,1.095
27,1.111
28,1.126
29,1.142
30,1.156
31,1.171
32,1.186
33,1.200
34,1.214
35,1.228
36,1.241
37,1.254
38,1.267
39,1.280
40,1.294
41,1.307
42,1.320
43,1.332
44,1.345
45,1.357
46,1.371
47,1.385
48,1.398
49,1.412
50,1.426
51,1.440
52,1.455
53,1.470
54,1.485
55,1.500
56,1.515
57,1.531
58,1.549
59,1.565
60,1.583
61,1.601
62,1.619
63,1.638
64,1.657
65,1.676
66,1.696
67,1.718
68,1.740
69,1.762
70,1.785
71,1.808
72,1.832
73,1.858
74,1.885
75,1.912
76,1.939
77,1.968
78,2.001
79,2.034
80,2.068
81,2.104
82,2.142
83,2.186
84,2.228
85,2.277
86,2.331
87,2.393
88,2.456
89,2.536
90,2.626
91,2.734
92,2.860
93,3.006
94,3.209
95,3.469
96,3.826
97,4.363
98,5.110
99,6.522
100,17.439
